100,'5519',659,,1507,51,4,,0,93,,1512,39,4,,0,90,,1498,51,4,,0,74,,1500,52,4,,0,95,,1499,51,4,,0,120,,1503,51,4,,0,120,,1493,51,4,,0,80,,1511,51,4,,0,78,,1501,51,4,,0,42,,1510,51,4,,0,65,,1497,51,4,,0,15,,1496,52,4,,0,80,,1506,51,4,,0,40,,1495,51,4,,0,80,,1505,51,4,,0,80,,1508,51,4,,0,40,,1494,51,4,,0,160,,1504,51,4,,0,120,,1502,51,4,,0
100,'5527',659,,1529,51,4,,0,97,,1527,51,4,,0,80,,1523,51,4,,0,80,,1513,51,4,,0,40,,1524,51,4,,0,160,,1514,51,4,,0,120,,1515,51,4,,0,120,,1525,51,4,,0,160,,1516,51,4,,0,40,,1526,51,4,,0,80,,1520,51,4,,0,80,,1519,51,4,,0,40,,1521,51,4,,0,80,,1517,51,4,,0,120,,1522,51,4,,0,165,,1518,51,4,,0,120,,1528,51,4,,0
100,'5528',756,,1530,51,4,,0,80,,1531,51,4,,0,80,,1532,51,4,,0,40,,1534,51,4,,0,160,,1533,51,4,,0,120,,1535,51,4,,0,120,,1536,51,4,,0,160,,1537,51,4,,0,40,,1538,51,4,,0,80,,1539,51,4,,0,80,,1540,51,4,,0,40,,1541,51,4,,0,160,,1542,51,4,,0
101,'5519',640,,1559,1,0,11 12 10,0,72,,1545,1,,,0,45,,1543,1,,,0,90,,1556,1,,,0,75,,1544,1,,,0,90,,1546,1,,,0,120,,1548,1,,,0,120,,1554,1,,,0,80,,1560,1,,,0,80,,1555,1,,,0,40,,1549,1,,,0,80,,1550,1,,,0,80,,1553,1,,,0,40,,1547,1,,,0,80,,1558,1,,,0,168,,1551,1,,,0,112,,1552,1,,,0,130,,1557,1,,,0
101,'5527',720,,1561,1,,,0,37,,1562,1,,,0,80,,1571,1,,,0,80,,1563,1,,,0,40,,1564,1,,,0,160,,1565,1,,,0,120,,1572,1,,,0,120,,1566,1,,,0,160,,1573,1,,,0,40,,1567,1,,,0,80,,1568,1,,,0,80,,1569,1,,,0,40,,1570,1,,,0,80,,1574,1,,,0,120,,1575,1,,,0,165,,1576,1,,,0,120,,1577,1,,,0
101,'5528',720,,1585,1,,,0,37,,1586,1,,,0,80,,1587,1,,,0,80,,1588,1,,,0,40,,1589,1,,,0,160,,1584,1,,,0,120,,1590,1,,,0,120,,1591,1,,,0,160,,1578,1,,,0,40,,1579,1,,,0,80,,1580,1,,,0,80,,1581,1,,,0,40,,1583,1,,,0,160,,1582,1,,,0
201,'5519',639,,1594,7,,,0,172,,1603,7,,,0,110,,1596,7,,,0,110,,1593,7,,,0,110,,1597,7,,,0,110,,1598,7,,,0,150,,1604,7,,,0,116,,1595,7,0,9 10,0,107,,1599,7,,,0,118,,1592,7,,,0,102,,1600,7,,,0,175,,1601,7,,,0,135,,1602,7,,,0
201,'5527',851,,1607,7,,,0,179,,1606,7,,,0,110,,1608,7,,,0,110,,1610,7,,,0,150,,1611,7,,,0,110,,1612,7,,,0,110,,1605,7,,,0,118,,1609,7,,,0,102,,1613,7,,,0,175,,1614,7,,,0,135,,1615,7,,,0
201,'5528',851,,1616,7,,,0,179,,1617,7,,,0,110,,1618,7,,,0,110,,1619,7,,,0,150,,1621,7,,,0,110,,1620,7,,,0,110,,1623,7,,,0,115,,1622,7,,,0,175,,1624,7,,,0
1400,'5524',904,,1683,25,,,0,630,,1682,7,,,0
