100,'5519',643,,1507,23,,,0,93,,1512,11,,,0,90,,1498,23,,,0,74,,1500,24,,,0,55,,1499,23,,,0,160,,1503,23,,,0,120,,1493,23,,,0,80,,1511,23,,,0,38,,1501,23,,,0,82,,1510,23,,,0,65,,1497,23,,,0,15,,1496,24,,,0,40,,1506,23,,,0,80,,1495,23,,,0,80,,1505,23,,,0,40,,1508,23,,,0,80,,1494,23,,,0,120,,1504,23,,,0,160,,1502,23,,,0
100,'5527',643,,1529,23,,,0,97,,1527,23,,,0,80,,1523,23,,,0,80,,1513,23,,,0,40,,1524,23,,,0,160,,1514,23,,,0,120,,1515,23,,,0,120,,1525,23,,,0,160,,1516,23,,,0,40,,1526,23,,,0,80,,1520,23,,,0,80,,1519,23,,,0,40,,1521,23,,,0,80,,1517,23,,,0,120,,1522,23,,,0,165,,1518,23,,,0,120,,1528,23,,,0
100,'5528',740,,1530,23,,,0,80,,1531,23,,,0,80,,1532,23,,,0,40,,1534,23,,,0,160,,1533,23,,,0,120,,1535,23,,,0,120,,1536,23,,,0,160,,1537,23,,,0,40,,1538,23,,,0,80,,1539,23,,,0,80,,1540,23,,,0,40,,1541,23,,,0,160,,1542,23,,,0
101,'5519',734,,1545,28,,,0,85,,1543,28,,,0,90,,1556,28,,,0,35,,1544,28,,,0,90,,1546,28,,,0,120,,1548,28,,,0,160,,1554,28,,,0,40,,1560,28,,,0,80,,1555,28,,,0,80,,1549,28,,,0,40,,1550,28,,,0,80,,1553,28,,,0,80,,1547,28,,,0,40,,1558,28,,,0,168,,1551,28,,,0,112,,1552,28,,,0,170,,1557,28,,,0
101,'5527',742,,1561,28,,,0,77,,1562,28,,,0,40,,1571,28,,,0,80,,1563,28,,,0,80,,1564,28,,,0,120,,1565,28,,,0,120,,1572,28,,,0,160,,1566,28,,,0,120,,1573,28,,,0,80,,1567,28,,,0,40,,1568,28,,,0,80,,1569,28,,,0,80,,1570,28,,,0,40,,1574,28,,,0,160,,1575,28,,,0,125,,1576,28,,,0,160,,1577,28,,,0
101,'5528',742,,1585,28,,,0,77,,1586,28,,,0,40,,1587,28,,,0,80,,1588,28,,,0,80,,1589,28,,,0,120,,1584,28,,,0,120,,1590,28,,,0,160,,1591,28,,,0,120,,1578,28,,,0,80,,1579,28,,,0,40,,1580,28,,,0,80,,1581,28,,,0,80,,1583,28,,,0,120,,1582,28,,,0
201,'5519',631,,1594,2,,,0,172,,1603,2,,,0,110,,1596,2,,,0,110,,1593,2,,,0,110,,1597,2,,,0,110,,1598,2,,,0,110,,1604,2,,,0,156,,1595,2,0,9 10,0,107,,1599,2,,,0,118,,1592,2,,,0,102,,1600,2,,,0,175,,1601,2,,,0,135,,1602,2,,,0
201,'5527',843,,1607,2,,,0,179,,1606,2,,,0,110,,1608,2,,,0,110,,1610,2,,,0,110,,1611,2,,,0,150,,1612,2,,,0,110,,1605,2,,,0,118,,1609,2,,,0,102,,1613,2,,,0,175,,1614,2,,,0,135,,1615,2,,,0
201,'5528',843,,1616,2,,,0,179,,1617,2,,,0,110,,1618,2,,,0,110,,1619,2,,,0,110,,1621,2,,,0,150,,1620,2,,,0,110,,1623,2,,,0,115,,1622,2,,,0,175,,1624,2,,,0
300,'5519',706,,1637,2,0,13 9,0,30,,1635,2,,,0,110,,1625,2,,,0,111,,1626,2,,,0,150,,1627,2,,,0,110,,1628,2,,,0,110,,1636,2,,,0,110,,1629,2,,,0,104,,1630,2,,,0,159,,1631,2,,,0,110,,1632,2,,,0,135,,1633,2,,,0,175,,1634,2,,,0
300,'5527',956,,1643,2,,,0,150,,1644,2,,,0,110,,1645,2,,,0,110,,1642,2,,,0,110,,1641,2,,,0,110,,1646,2,,,0,110,,1647,2,,,0,150,,1638,2,,,0,135,,1640,2,,,0,175,,1639,2,,,0
300,'5528',956,,1651,2,,,0,150,,1649,2,,,0,110,,1650,2,,,0,110,,1652,2,,,0,110,,1653,2,,,0,110,,1654,2,,,0,155,,1655,2,,,0,135,,1656,2,,,0
1200,'5521',631,,1665,2,0,6,0,111,,1666,2,0,6,0,286,,1664,2,,,0,290,,1663,2,,,0,413,,1662,2,0,6,0
1200,'5527',742,,1668,2,0,6,0,286,,1669,2,,,0,290,,1667,2,,,0
1300,'5523',1017,,1679,15,,,0
1301,'5523',621,,1681,2,,,0,905,,1680,6,,,0
1400,'5524',851,,1683,2,,,0,675,,1682,2,,,0
