100,'5519',641,,1507,21,,,0,93,,1512,9,,,0,90,,1498,21,,,0,34,,1500,22,,,0,95,,1499,21,,,0,160,,1503,21,,,0,120,,1493,21,,,0,80,,1511,21,,,0,38,,1501,21,,,0,82,,1510,21,,,0,25,,1497,21,,,0,55,,1496,22,,,0,40,,1506,21,,,0,80,,1495,21,,,0,80,,1505,21,,,0,40,,1508,21,,,0,80,,1494,21,,,0,120,,1504,21,,,0,160,,1502,21,,,0,130,,1509,21,0,11 12 10,0
100,'5527',641,,1529,21,,,0,97,,1527,21,,,0,80,,1523,21,,,0,40,,1513,21,,,0,80,,1524,21,,,0,120,,1514,21,,,0,160,,1515,21,,,0,120,,1525,21,,,0,120,,1516,21,,,0,80,,1526,21,,,0,80,,1520,21,,,0,40,,1519,21,,,0,80,,1521,21,,,0,80,,1517,21,,,0,120,,1522,21,,,0,165,,1518,21,,,0,120,,1528,21,,,0
100,'5528',738,,1530,21,,,0,80,,1531,21,,,0,40,,1532,21,,,0,80,,1534,21,,,0,120,,1533,21,,,0,160,,1535,21,,,0,120,,1536,21,,,0,120,,1537,21,,,0,80,,1538,21,,,0,80,,1539,21,,,0,40,,1540,21,,,0,80,,1541,21,,,0,120,,1542,21,,,0
101,'5519',659,,1559,26,0,11 12 10,0,72,,1545,26,,,0,85,,1543,26,,,0,90,,1556,26,,,0,35,,1544,26,,,0,90,,1546,26,,,0,120,,1548,26,,,0,160,,1554,26,,,0,40,,1560,26,,,0,80,,1555,26,,,0,80,,1549,26,,,0,40,,1550,26,,,0,80,,1553,26,,,0,80,,1547,26,,,0,40,,1558,26,,,0,168,,1551,26,,,0,112,,1552,26,,,0,170,,1557,26,,,0
101,'5527',739,,1561,26,,,0,77,,1562,26,,,0,40,,1571,26,,,0,80,,1563,26,,,0,80,,1564,26,,,0,120,,1565,26,,,0,120,,1572,26,,,0,160,,1566,26,,,0,120,,1573,26,,,0,80,,1567,26,,,0,40,,1568,26,,,0,80,,1569,26,,,0,80,,1570,26,,,0,40,,1574,26,,,0,160,,1575,26,,,0,125,,1576,26,,,0,160,,1577,26,,,0
101,'5528',739,,1585,26,,,0,77,,1586,26,,,0,40,,1587,26,,,0,80,,1588,26,,,0,80,,1589,26,,,0,120,,1584,26,,,0,120,,1590,26,,,0,160,,1591,26,,,0,120,,1578,26,,,0,80,,1579,26,,,0,40,,1580,26,,,0,80,,1581,26,,,0,80,,1583,26,,,0,120,,1582,26,,,0
201,'5519',722,,1594,41,,,0,112,,1603,34,,,0,110,,1596,33,,,0,110,,1593,33,,,0,150,,1597,33,,,0,110,,1598,33,,,0,110,,1604,33,,,0,223,,1599,33,,,0,158,,1592,33,,,0,122,,1600,45,,,0,175,,1601,45,,,0,135,,1602,45,,,0
201,'5527',934,,1607,41,,,0,119,,1606,33,,,0,150,,1608,33,,,0,110,,1610,33,,,0,110,,1611,33,,,0,110,,1612,33,,,0,110,,1605,33,,,0,158,,1609,33,,,0,122,,1613,45,,,0,135,,1614,45,,,0,175,,1615,45,,,0
201,'5528',934,,1616,41,,,0,119,,1617,33,,,0,150,,1618,33,,,0,110,,1619,33,,,0,110,,1621,33,,,0,110,,1620,33,,,0,110,,1623,33,,,0,175,,1622,45,,,0,135,,1624,45,,,0
900,'5519',1534,,1660,5,,,0
1201,'5521',736,,1674,15,,,0,111,,1673,15,,,0,361,,1670,16,,,0,245,,1672,16,,,0,390,,1671,14,,,0
1201,'5527',847,,1675,15,,,0,361,,1677,16,,,0,245,,1676,16,,,0
1300,'5523',1014,,1679,13,,,0,915,,1678,13,,,0
1301,'5523',1522,,1680,4,,,0
1401,'5524',1022,,1685,16,,,0,629,,1684,16,,,0
