1,100,'5210',1330,1331,1332,1333,1334,1335,1336,1337,1338,1339,1340,1341,1342
1,100,'5519',1493,1494,1495,1496,1497,1498,1499,1500,1501,1502,1503,1504,1505,1506,1507,1508,1509,1510,1511,1512
1,100,'5527',1513,1514,1515,1516,1517,1518,1519,1520,1521,1522,1523,1524,1525,1526,1527,1528,1529
1,100,'5528',1530,1531,1532,1533,1534,1535,1536,1537,1538,1539,1540,1541,1542
1,101,'5210',1378,1379,1380,1381,1382,1383,1384,1385,1386,1387,1388,1389,1390,1391
1,101,'5519',1543,1544,1545,1546,1547,1548,1549,1550,1551,1552,1553,1554,1555,1556,1557,1558,1559,1560
1,101,'5527',1561,1562,1563,1564,1565,1566,1567,1568,1569,1570,1571,1572,1573,1574,1575,1576,1577
1,101,'5528',1578,1579,1580,1581,1582,1583,1584,1585,1586,1587,1588,1589,1590,1591
2,201,'5210',1416,1417,1418,1419,1420,1421,1422,1423,1424
2,201,'5519',1592,1593,1594,1595,1596,1597,1598,1599,1600,1601,1602,1603,1604
2,201,'5527',1605,1606,1607,1608,1609,1610,1611,1612,1613,1614,1615
2,201,'5528',1616,1617,1618,1619,1620,1621,1622,1623,1624
3,300,'5210',1449,1450,1451,1452,1453,1454,1455,1456,1457
3,300,'5519',1625,1626,1627,1628,1629,1630,1631,1632,1633,1634,1635,1636,1637
3,300,'5527',1638,1639,1640,1641,1642,1643,1644,1645,1646,1647,1648
3,300,'5528',1649,1650,1651,1652,1653,1654,1655,1656,1657
9,900,'5519',1658,1659,1660,1661
12,1200,'5521',1662,1663,1664,1665,1666
12,1200,'5527',1667,1668,1669
12,1201,'5521',1670,1671,1672,1673,1674
12,1201,'5527',1675,1676,1677
13,1300,'5204',1678,1679
13,1301,'5204',1680,1681
14,1400,'5210',1483,1484
14,1400,'5524',1682,1683
14,1401,'5210',1489,1490
14,1401,'5524',1684,1685
