100,'5210',742,,1330,26,,,0,80,,1331,26,,,0,80,,1332,26,,,0,40,,1334,26,,,0,160,,1333,26,,,0,120,,1335,26,,,0,120,,1336,26,,,0,160,,1337,26,,,0,40,,1338,26,,,0,80,,1339,26,,,0,80,,1340,26,,,0,40,,1341,26,,,0,160,,1342,26,,,0
100,'5519',645,,1507,26,,,0,93,,1512,14,,,0,90,,1498,26,,,0,74,,1500,27,,,0,55,,1499,26,,,0,160,,1503,26,,,0,120,,1493,26,,,0,80,,1511,26,,,0,38,,1501,26,,,0,82,,1510,26,,,0,65,,1497,26,,,0,15,,1496,27,,,0,40,,1506,26,,,0,80,,1495,26,,,0,80,,1505,26,,,0,40,,1508,26,,,0,80,,1494,26,,,0,120,,1504,26,,,0,160,,1502,26,,,0
100,'5527',645,,1529,26,,,0,97,,1527,26,,,0,80,,1523,26,,,0,80,,1513,26,,,0,40,,1524,26,,,0,160,,1514,26,,,0,120,,1515,26,,,0,120,,1525,26,,,0,160,,1516,26,,,0,40,,1526,26,,,0,80,,1520,26,,,0,80,,1519,26,,,0,40,,1521,26,,,0,80,,1517,26,,,0,120,,1522,26,,,0,165,,1518,26,,,0,120,,1528,26,,,0
100,'5528',742,,1530,26,,,0,80,,1531,26,,,0,80,,1532,26,,,0,40,,1534,26,,,0,160,,1533,26,,,0,120,,1535,26,,,0,120,,1536,26,,,0,160,,1537,26,,,0,40,,1538,26,,,0,80,,1539,26,,,0,80,,1540,26,,,0,40,,1541,26,,,0,160,,1542,26,,,0
300,'5210',958,,1451,5,,,0,150,,1449,5,,,0,110,,1450,5,,,0,110,,1452,5,,,0,110,,1453,5,,,0,110,,1454,5,,,0,155,,1455,5,,,0,135,,1456,5,,,0
300,'5519',708,,1637,5,0,13 9,0,30,,1635,5,,,0,110,,1625,5,,,0,111,,1626,5,,,0,150,,1627,5,,,0,110,,1628,5,,,0,110,,1636,5,,,0,110,,1629,5,,,0,104,,1630,5,,,0,159,,1631,5,,,0,110,,1632,5,,,0,135,,1633,5,,,0,175,,1634,5,,,0
300,'5527',958,,1643,5,,,0,150,,1644,5,,,0,110,,1645,5,,,0,110,,1642,5,,,0,110,,1641,5,,,0,110,,1646,5,,,0,110,,1647,5,,,0,150,,1638,5,,,0,135,,1640,5,,,0,175,,1639,5,,,0
300,'5528',958,,1651,5,,,0,150,,1649,5,,,0,110,,1650,5,,,0,110,,1652,5,,,0,110,,1653,5,,,0,110,,1654,5,,,0,155,,1655,5,,,0,135,,1656,5,,,0
1300,'5204',1019,,1679,18,,,0
1400,'5210',852,,1483,6,,,0
1400,'5524',852,,1683,6,,,0
